c     min_MSE     min_H       min_var 
1      0.026884743627643697       8     0.49012440588175793 
2      0.08491362986795853       13     0.48460707711767737 
3      0.12484627250875771       16     0.6061627126445831 
4      0.15246067815090097       24     0.6826686726287522 
5      0.25591086998897933       30     0.3399035972531121 
6      0.22198373865773177       41     0.5690351922580966 
7      0.2770108644180488       38     0.5477729790384195 
8      0.45312009437950745       44     0.6298357355516546 
9      0.6006026046730466       28     0.9762610045706425 
